1  -227  -98  -16268  98  -163  -78
2  -196  16  -16172  93  -166  -74
3  -167  -3  -16193  92  -172  -75
4  -190  -58  -16257  86  -155  -78
5  -186  32  -16204  101  -162  -91
6  -218  8  -16181  71  -153  -115
7  -226  18  -16152  88  -145  -83
8  -151  31  -16193  85  -163  -97
9  -255  43  -15965  90  -154  -74
10  -216  82  -16196  74  -162  -81
11  -169  37  -16229  79  -157  -91
12  -207  83  -16265  88  -162  -82
13  -347  55  -16285  100  -155  -93
14  -162  38  -16217  105  -148  -83
15  -198  50  -16227  101  -152  -70
16  -175  81  -16293  87  -162  -93
17  -167  41  -16278  97  -172  -77
18  -377  -27  -16132  89  -155  -109
19  -198  18  -16172  90  -157  -89
20  -185  -17  -16195  100  -151  -68
21  -176  20  -16265  84  -164  -101
22  -148  44  -16261  66  -153  -88
23  -288  26  -16182  91  -157  -98
24  -187  57  -16165  81  -158  -86
25  -198  18  -16181  87  -165  -62
26  -172  30  -16235  98  -158  -101
27  -272  56  -16180  81  -159  -88
28  -312  46  -16180  92  -156  -99
29  -184  48  -16178  94  -156  -85
30  -211  31  -16196  90  -162  -54
31  -202  64  -16204  66  -171  -95
32  -261  23  -16185  77  -159  -86
33  -130  -26  -16289  105  -153  -92
34  -184  62  -16204  83  -167  -81
35  -175  -11  -16200  89  -172  -65
36  -164  -10  -16161  83  -145  -81
37  -204  24  -16221  76  -153  -80
38  -201  33  -16205  75  -162  -120
39  -206  20  -16193  69  -162  -80
40  -220  70  -16176  86  -161  -88
41  -208  36  -16140  103  -150  -94
42  -176  8  -16272  108  -154  -69
43  -237  -45  -16141  86  -156  -100
44  -263  75  -16221  98  -145  -40
45  -205  41  -16147  93  -151  -94
46  -144  60  -16320  84  -149  -97
47  -133  135  -16065  87  -161  -68
48  -431  -22  -16304  73  -165  -111
49  -236  50  -16226  85  -159  -80
50  -246  -20  -16220  99  -161  -74
51  -312  8  -16190  83  -162  -81
52  -225  -27  -16048  84  -154  -92
53  -292  4  -16290  88  -162  -79
54  -235  25  -16185  80  -147  -70
55  -240  38  -16189  76  -154  -90
56  -270  -4  -16208  106  -155  -83
57  -275  19  -16232  84  -155  -100
58  -289  -223  -16244  93  -154  -75
59  -313  43  -16241  78  -160  -85
60  -253  -9  -16200  85  -158  -81
61  -243  -11  -16152  79  -175  -81
62  -203  7  -16196  91  -151  -106
63  -279  51  -15951  85  -148  -76
64  -273  79  -16168  69  -166  -72
65  -272  60  -16299  92  -163  -89
66  -269  7  -16287  99  -171  -79
67  -292  16  -16288  68  -159  -90
68  -256  28  -16168  99  -159  -95
69  -246  30  -16183  87  -154  -78
70  -257  63  -16186  96  -147  -84
71  -207  11  -16196  86  -158  -72
72  -342  -10  -16216  82  -165  -86
73  -260  22  -16167  67  -161  -74
74  -291  17  -16229  112  -152  -85
75  -233  47  -16241  79  -153  -88
76  -313  59  -16272  91  -152  -89
77  -263  86  -16176  87  -160  -94
78  -263  67  -16205  88  -166  -77
79  -258  40  -16229  87  -154  -81
80  -319  29  -16076  80  -159  -90
81  -310  64  -16204  84  -146  -76
82  -282  10  -16161  94  -164  -118
83  -276  24  -16204  84  -169  -70
84  -274  46  -16180  94  -169  -86
85  -198  56  -16193  85  -139  -99
86  -272  4  -16266  95  -154  -84
87  -228  -24  -16188  61  -152  -85
88  -304  -18  -16185  92  -161  -61
89  -311  15  -16197  90  -164  -98
90  -279  85  -16181  81  -159  -95
91  -344  34  -16074  86  -168  -88
92  -291  75  -16188  76  -158  -69
93  -293  53  -16176  102  -162  -81
94  -323  33  -16184  89  -153  -73
95  -240  74  -16097  95  -161  -79
96  -246  34  -16136  72  -164  -72
97  -260  -2  -16134  95  -171  -82
98  -274  84  -16225  107  -137  -86
99  -276  10  -16136  60  -156  -78
100  -294  84  -16304  86  -149  -67
